image_width: 648
image_height: 488
camera_name: front_camera
camera_matrix:
  rows: 3
  cols: 3
  data: [536.617968, 0.000000, 328.651753, 0.000000, 512.375323, 244.064091, 0.000000, 0.000000, 1.000000]
distortion_model: plumb_bob
distortion_coefficients:
  rows: 1
  cols: 5
  data: [-0.423296, 0.244115, 0.008339, -0.008668, 0.000000]
rectification_matrix:
  rows: 3
  cols: 3
  data: [1.000000, 0.000000, 0.000000, 0.000000, 1.000000, 0.000000, 0.000000, 0.000000, 1.000000]
projection_matrix:
  rows: 3
  cols: 4
  data: [454.899719, 0.000000, 320.952660, 0.000000, 0.000000, 461.270660, 248.435854, 0.000000, 0.000000, 0.000000, 1.000000, 0.000000]
